n=21;
P=[
0 203,270|1;
1 203,208|1;
2 273,125|1;
3 324,181|1;
4 372,229|1;
5 474,229|1;
6 369,260|1;
7 469,276|1;
8 519,258|1;
9 388,304|1;
10 454,319|1;
11 288,391|1;
12 224,450|1;
13 172,450|1;
14 393,432|1;
15 500,376|1;
16 464,422|1;
17 460,468|1;
18 673,438|1;
19 641,610|1;
20 883,514|1;
]
M=[
Link0 2,1;
Link1 2,0;
Link2 2,3;
Link3 2,4;
Link5 2,6;
Link6 2,9;
Link7 2,11;
Link8 2,14;
Link9 2,15;
Link10 2,18;
Link11 4,5;
Link12 6,7;
Link13 7,8;
Link14 9,10;
Link15 11,12;
Link16 11,13;
Link17 15,16;
Link18 15,17;
Link19 18,20;
Link20 18,19;
]
R=[
Request1 2,1;
Request2 0,19;
Request3 1,5;
Request4 3,8;
Request5 4,7;
Request6 8,10;
Request7 6,9;
Request8 2,14;
Request10 11,13;
Request11 2,17;
Request13 17,20;
Request15 18,19;
Request16 19,20;
]
S=[
{ 
2,1;
2,0;
}
{
2,3;
2,4;
2,6;
2,9;
2,11;
2,14;
2,15;
2,18;
}
{
11,12;
11,13;
}
{
15,16;
15,17;
}
]
